错切变换后坐标：
 x1:32.207259421636905, y1:35.0
 x2:20.856406460551018, y2:24.0
 x3:29.08290376865476, y3:14.0
 